{
 "cells": [
  {
   "cell_type": "markdown",
   "id": "eb3423a3",
   "metadata": {},
   "source": [
    "Cross comparison of the AI model with other datasets\n"
   ]
  },
  {
   "cell_type": "code",
   "execution_count": 2,
   "id": "1060965a",
   "metadata": {},
   "outputs": [
    {
     "name": "stdout",
     "output_type": "stream",
     "text": [
      "Requirement already satisfied: ultralytics in ./.venv/lib/python3.14/site-packages (8.4.68)\n",
      "Requirement already satisfied: kagglehub in ./.venv/lib/python3.14/site-packages (1.0.2)\n",
      "Requirement already satisfied: opencv-python in ./.venv/lib/python3.14/site-packages (4.13.0.92)\n",
      "Requirement already satisfied: numpy>=1.23.0 in ./.venv/lib/python3.14/site-packages (from ultralytics) (2.4.6)\n",
      "Requirement already satisfied: matplotlib>=3.3.0 in ./.venv/lib/python3.14/site-packages (from ultralytics) (3.11.0)\n",
      "Requirement already satisfied: pillow>=7.1.2 in ./.venv/lib/python3.14/site-packages (from ultralytics) (12.2.0)\n",
      "Requirement already satisfied: pyyaml>=5.3.1 in ./.venv/lib/python3.14/site-packages (from ultralytics) (6.0.3)\n",
      "Requirement already satisfied: requests>=2.23.0 in ./.venv/lib/python3.14/site-packages (from ultralytics) (2.34.2)\n",
      "Requirement already satisfied: scipy>=1.4.1 in ./.venv/lib/python3.14/site-packages (from ultralytics) (1.17.1)\n",
      "Requirement already satisfied: torch>=1.8.0 in ./.venv/lib/python3.14/site-packages (from ultralytics) (2.12.0)\n",
      "Requirement already satisfied: torchvision>=0.9.0 in ./.venv/lib/python3.14/site-packages (from ultralytics) (0.27.0)\n",
      "Requirement already satisfied: psutil>=5.8.0 in ./.venv/lib/python3.14/site-packages (from ultralytics) (7.2.2)\n",
      "Requirement already satisfied: polars>=0.20.0 in ./.venv/lib/python3.14/site-packages (from ultralytics) (1.41.2)\n",
      "Requirement already satisfied: nvidia-ml-py>=12.0.0 in ./.venv/lib/python3.14/site-packages (from ultralytics) (13.610.43)\n",
      "Requirement already satisfied: ultralytics-thop>=2.0.18 in ./.venv/lib/python3.14/site-packages (from ultralytics) (2.0.20)\n",
      "Requirement already satisfied: kagglesdk<1.0,>=0.1.22 in ./.venv/lib/python3.14/site-packages (from kagglehub) (0.1.30)\n",
      "Requirement already satisfied: packaging in ./.venv/lib/python3.14/site-packages (from kagglehub) (26.2)\n",
      "Requirement already satisfied: tqdm in ./.venv/lib/python3.14/site-packages (from kagglehub) (4.68.2)\n",
      "Requirement already satisfied: protobuf in ./.venv/lib/python3.14/site-packages (from kagglesdk<1.0,>=0.1.22->kagglehub) (7.35.1)\n",
      "Requirement already satisfied: contourpy>=1.0.1 in ./.venv/lib/python3.14/site-packages (from matplotlib>=3.3.0->ultralytics) (1.3.3)\n",
      "Requirement already satisfied: cycler>=0.10 in ./.venv/lib/python3.14/site-packages (from matplotlib>=3.3.0->ultralytics) (0.12.1)\n",
      "Requirement already satisfied: fonttools>=4.22.0 in ./.venv/lib/python3.14/site-packages (from matplotlib>=3.3.0->ultralytics) (4.63.0)\n",
      "Requirement already satisfied: kiwisolver>=1.3.1 in ./.venv/lib/python3.14/site-packages (from matplotlib>=3.3.0->ultralytics) (1.5.0)\n",
      "Requirement already satisfied: pyparsing>=3 in ./.venv/lib/python3.14/site-packages (from matplotlib>=3.3.0->ultralytics) (3.3.2)\n",
      "Requirement already satisfied: python-dateutil>=2.7 in ./.venv/lib/python3.14/site-packages (from matplotlib>=3.3.0->ultralytics) (2.9.0.post0)\n",
      "Requirement already satisfied: polars-runtime-32==1.41.2 in ./.venv/lib/python3.14/site-packages (from polars>=0.20.0->ultralytics) (1.41.2)\n",
      "Requirement already satisfied: six>=1.5 in ./.venv/lib/python3.14/site-packages (from python-dateutil>=2.7->matplotlib>=3.3.0->ultralytics) (1.17.0)\n",
      "Requirement already satisfied: charset_normalizer<4,>=2 in ./.venv/lib/python3.14/site-packages (from requests>=2.23.0->ultralytics) (3.4.7)\n",
      "Requirement already satisfied: idna<4,>=2.5 in ./.venv/lib/python3.14/site-packages (from requests>=2.23.0->ultralytics) (3.18)\n",
      "Requirement already satisfied: urllib3<3,>=1.26 in ./.venv/lib/python3.14/site-packages (from requests>=2.23.0->ultralytics) (2.7.0)\n",
      "Requirement already satisfied: certifi>=2023.5.7 in ./.venv/lib/python3.14/site-packages (from requests>=2.23.0->ultralytics) (2026.5.20)\n",
      "Requirement already satisfied: filelock in ./.venv/lib/python3.14/site-packages (from torch>=1.8.0->ultralytics) (3.29.4)\n",
      "Requirement already satisfied: typing-extensions>=4.10.0 in ./.venv/lib/python3.14/site-packages (from torch>=1.8.0->ultralytics) (4.15.0)\n",
      "Requirement already satisfied: setuptools<82 in ./.venv/lib/python3.14/site-packages (from torch>=1.8.0->ultralytics) (81.0.0)\n",
      "Requirement already satisfied: sympy>=1.13.3 in ./.venv/lib/python3.14/site-packages (from torch>=1.8.0->ultralytics) (1.14.0)\n",
      "Requirement already satisfied: networkx>=2.5.1 in ./.venv/lib/python3.14/site-packages (from torch>=1.8.0->ultralytics) (3.6.1)\n",
      "Requirement already satisfied: jinja2 in ./.venv/lib/python3.14/site-packages (from torch>=1.8.0->ultralytics) (3.1.6)\n",
      "Requirement already satisfied: fsspec>=0.8.5 in ./.venv/lib/python3.14/site-packages (from torch>=1.8.0->ultralytics) (2026.6.0)\n",
      "Requirement already satisfied: cuda-toolkit==13.0.2 in ./.venv/lib/python3.14/site-packages (from cuda-toolkit[cudart,cufft,cufile,cupti,curand,cusolver,cusparse,nvjitlink,nvrtc,nvtx]==13.0.2; platform_system == \"Linux\"->torch>=1.8.0->ultralytics) (13.0.2)\n",
      "Requirement already satisfied: nvidia-cublas<=13.1.1.3,>=13.1.0.3 in ./.venv/lib/python3.14/site-packages (from torch>=1.8.0->ultralytics) (13.1.1.3)\n",
      "Requirement already satisfied: cuda-bindings<14,>=13.0.3 in ./.venv/lib/python3.14/site-packages (from torch>=1.8.0->ultralytics) (13.3.1)\n",
      "Requirement already satisfied: nvidia-cudnn-cu13==9.20.0.48 in ./.venv/lib/python3.14/site-packages (from torch>=1.8.0->ultralytics) (9.20.0.48)\n",
      "Requirement already satisfied: nvidia-cusparselt-cu13==0.8.1 in ./.venv/lib/python3.14/site-packages (from torch>=1.8.0->ultralytics) (0.8.1)\n",
      "Requirement already satisfied: nvidia-nccl-cu13==2.29.7 in ./.venv/lib/python3.14/site-packages (from torch>=1.8.0->ultralytics) (2.29.7)\n",
      "Requirement already satisfied: nvidia-nvshmem-cu13==3.4.5 in ./.venv/lib/python3.14/site-packages (from torch>=1.8.0->ultralytics) (3.4.5)\n",
      "Requirement already satisfied: triton==3.7.0 in ./.venv/lib/python3.14/site-packages (from torch>=1.8.0->ultralytics) (3.7.0)\n",
      "Requirement already satisfied: nvidia-cuda-runtime==13.0.96.* in ./.venv/lib/python3.14/site-packages (from cuda-toolkit[cudart,cufft,cufile,cupti,curand,cusolver,cusparse,nvjitlink,nvrtc,nvtx]==13.0.2; platform_system == \"Linux\"->torch>=1.8.0->ultralytics) (13.0.96)\n",
      "Requirement already satisfied: nvidia-cufft==12.0.0.61.* in ./.venv/lib/python3.14/site-packages (from cuda-toolkit[cudart,cufft,cufile,cupti,curand,cusolver,cusparse,nvjitlink,nvrtc,nvtx]==13.0.2; platform_system == \"Linux\"->torch>=1.8.0->ultralytics) (12.0.0.61)\n",
      "Requirement already satisfied: nvidia-cufile==1.15.1.6.* in ./.venv/lib/python3.14/site-packages (from cuda-toolkit[cudart,cufft,cufile,cupti,curand,cusolver,cusparse,nvjitlink,nvrtc,nvtx]==13.0.2; platform_system == \"Linux\"->torch>=1.8.0->ultralytics) (1.15.1.6)\n",
      "Requirement already satisfied: nvidia-cuda-cupti==13.0.85.* in ./.venv/lib/python3.14/site-packages (from cuda-toolkit[cudart,cufft,cufile,cupti,curand,cusolver,cusparse,nvjitlink,nvrtc,nvtx]==13.0.2; platform_system == \"Linux\"->torch>=1.8.0->ultralytics) (13.0.85)\n",
      "Requirement already satisfied: nvidia-curand==10.4.0.35.* in ./.venv/lib/python3.14/site-packages (from cuda-toolkit[cudart,cufft,cufile,cupti,curand,cusolver,cusparse,nvjitlink,nvrtc,nvtx]==13.0.2; platform_system == \"Linux\"->torch>=1.8.0->ultralytics) (10.4.0.35)\n",
      "Requirement already satisfied: nvidia-cusolver==12.0.4.66.* in ./.venv/lib/python3.14/site-packages (from cuda-toolkit[cudart,cufft,cufile,cupti,curand,cusolver,cusparse,nvjitlink,nvrtc,nvtx]==13.0.2; platform_system == \"Linux\"->torch>=1.8.0->ultralytics) (12.0.4.66)\n",
      "Requirement already satisfied: nvidia-cusparse==12.6.3.3.* in ./.venv/lib/python3.14/site-packages (from cuda-toolkit[cudart,cufft,cufile,cupti,curand,cusolver,cusparse,nvjitlink,nvrtc,nvtx]==13.0.2; platform_system == \"Linux\"->torch>=1.8.0->ultralytics) (12.6.3.3)\n",
      "Requirement already satisfied: nvidia-nvjitlink==13.0.88.* in ./.venv/lib/python3.14/site-packages (from cuda-toolkit[cudart,cufft,cufile,cupti,curand,cusolver,cusparse,nvjitlink,nvrtc,nvtx]==13.0.2; platform_system == \"Linux\"->torch>=1.8.0->ultralytics) (13.0.88)\n",
      "Requirement already satisfied: nvidia-cuda-nvrtc==13.0.88.* in ./.venv/lib/python3.14/site-packages (from cuda-toolkit[cudart,cufft,cufile,cupti,curand,cusolver,cusparse,nvjitlink,nvrtc,nvtx]==13.0.2; platform_system == \"Linux\"->torch>=1.8.0->ultralytics) (13.0.88)\n",
      "Requirement already satisfied: nvidia-nvtx==13.0.85.* in ./.venv/lib/python3.14/site-packages (from cuda-toolkit[cudart,cufft,cufile,cupti,curand,cusolver,cusparse,nvjitlink,nvrtc,nvtx]==13.0.2; platform_system == \"Linux\"->torch>=1.8.0->ultralytics) (13.0.85)\n",
      "Requirement already satisfied: cuda-pathfinder>=1.4.2 in ./.venv/lib/python3.14/site-packages (from cuda-bindings<14,>=13.0.3->torch>=1.8.0->ultralytics) (1.5.5)\n",
      "Requirement already satisfied: mpmath<1.4,>=1.1.0 in ./.venv/lib/python3.14/site-packages (from sympy>=1.13.3->torch>=1.8.0->ultralytics) (1.3.0)\n",
      "Requirement already satisfied: MarkupSafe>=2.0 in ./.venv/lib/python3.14/site-packages (from jinja2->torch>=1.8.0->ultralytics) (3.0.3)\n",
      "Note: you may need to restart the kernel to use updated packages.\n"
     ]
    }
   ],
   "source": [
    "%pip install ultralytics kagglehub opencv-python"
   ]
  },
  {
   "cell_type": "code",
   "execution_count": 3,
   "id": "19a84c10",
   "metadata": {},
   "outputs": [
    {
     "name": "stderr",
     "output_type": "stream",
     "text": [
      "/home/willm277/Desktop/AIDetectionCrossValidation/.venv/lib/python3.14/site-packages/tqdm/auto.py:21: TqdmWarning: IProgress not found. Please update jupyter and ipywidgets. See https://ipywidgets.readthedocs.io/en/stable/user_install.html\n",
      "  from .autonotebook import tqdm as notebook_tqdm\n"
     ]
    }
   ],
   "source": [
    "from torch.utils.data import Dataset, Subset, DataLoader\n",
    "import torch\n",
    "import torchvision.transforms as T\n",
    "from pathlib import Path\n",
    "from io import BytesIO\n",
    "from ultralytics import YOLO\n",
    "import numpy as np\n",
    "from functools import lru_cache\n",
    "import kagglehub\n",
    "import cv2\n",
    "import logging"
   ]
  },
  {
   "cell_type": "code",
   "execution_count": null,
   "id": "62fda8a7",
   "metadata": {},
   "outputs": [
    {
     "name": "stdout",
     "output_type": "stream",
     "text": [
      "Downloading to datasets/plant_village/1.archive...\n"
     ]
    },
    {
     "name": "stderr",
     "output_type": "stream",
     "text": [
      "100%|██████████| 818M/818M [01:30<00:00, 9.50MB/s] "
     ]
    },
    {
     "name": "stdout",
     "output_type": "stream",
     "text": [
      "Extracting files...\n"
     ]
    },
    {
     "name": "stderr",
     "output_type": "stream",
     "text": [
      "\n"
     ]
    },
    {
     "name": "stdout",
     "output_type": "stream",
     "text": [
      "Downloading to datasets/plant_doc/7.archive...\n"
     ]
    },
    {
     "name": "stderr",
     "output_type": "stream",
     "text": [
      "100%|██████████| 74.1M/74.1M [00:07<00:00, 10.0MB/s]"
     ]
    },
    {
     "name": "stdout",
     "output_type": "stream",
     "text": [
      "Extracting files...\n"
     ]
    },
    {
     "name": "stderr",
     "output_type": "stream",
     "text": [
      "\n"
     ]
    }
   ],
   "source": [
    "# Plant Village import\n",
    "# path = kagglehub.dataset_download(\"mohitsingh1804/plantvillage\", output_dir=\"datasets/plant_village\", force_download=True)\n",
    "\n",
    "# PlantDoc import\n",
    "path = kagglehub.dataset_download(\n",
    "    \"andresmgs/plantdec\", output_dir=\"datasets/plant_doc\", force_download=True)"
   ]
  },
  {
   "cell_type": "code",
   "execution_count": 25,
   "id": "18aab95e",
   "metadata": {},
   "outputs": [],
   "source": [
    "# Model and basic function definition\n",
    "\n",
    "potatoModel = YOLO(\"weights/potatoYOLOv11.pt\")\n",
    "tomatoModel = YOLO(\"weights/tomatoYOLOv11.pt\")\n",
    "onionModel = YOLO(\"weights/onionYOLOv11.pt\")\n",
    "lettuceModel = YOLO(\"weights/lettuceDisease.pt\")\n",
    "appleModel = YOLO(\"weights/appleDisease.pt\")\n",
    "strawberryModel = YOLO(\"weights/strawberryDisease.pt\")\n",
    "\n",
    "\n",
    "def predictBoxes(image, model):\n",
    "\n",
    "    results = model(image)\n",
    "    boxes = results[0].boxes\n",
    "    output = []\n",
    "    for box in boxes:\n",
    "        x_min, y_min, x_max, y_max = box.xyxy[0].tolist()\n",
    "        confidence = box.conf[0].item()\n",
    "        class_id = int(box.cls[0].item())\n",
    "        label = results[0].names[class_id]\n",
    "        output.append({\n",
    "            \"label\": label,\n",
    "            \"confidence\": confidence,\n",
    "            \"box\": [x_min, y_min, x_max, y_max]\n",
    "        })\n",
    "    return output\n",
    "\n",
    "\n",
    "def get_label_tomato(image):\n",
    "    result = predictBoxes(image, tomatoModel)\n",
    "    return result\n",
    "\n",
    "\n",
    "def get_label_potato(image):\n",
    "    result = predictBoxes(image, potatoModel)\n",
    "    return result\n",
    "\n",
    "\n",
    "def get_label_onion(image):\n",
    "    result = predictBoxes(image, onionModel)\n",
    "    return result\n",
    "\n",
    "\n",
    "def get_label_lettuce(image):\n",
    "    result = predictBoxes(image, lettuceModel)\n",
    "    return result\n",
    "\n",
    "\n",
    "def get_label_apple(image):\n",
    "    result = predictBoxes(image, appleModel)\n",
    "    return result\n",
    "\n",
    "\n",
    "def get_label_strawberry(image):\n",
    "    result = predictBoxes(image, strawberryModel)\n",
    "    return result"
   ]
  },
  {
   "cell_type": "code",
   "execution_count": null,
   "id": "d8b873ca",
   "metadata": {},
   "outputs": [
    {
     "name": "stdout",
     "output_type": "stream",
     "text": [
      "init\n",
      "loading labels ds...\n",
      "labels ds finished. filtering items...\n",
      "filtering complete.\n",
      "Creating new filtered dataset\n",
      "Creating data loader\n",
      " Getting batches\n",
      "[('Tomato', 'Tomato', 'Tomato', 'Potato')] [{'label': ['26', '23', '19', '13'], 'box': [('0.7822916666666665', '0.28515625', '0.46888888888888886', '0.6843417553191489'), ('0.43281250000000004', '0.6967213114754098', '0.5325925925925926', '0.738'), ('0.3590277777777778', '0.4921875', '0.23555555555555555', '0.12998670212765956'), ('0.25625000000000003', '0.4988290398126463', '0.5111111111111112', '0.40299999999999997')]}, {'label': ['26', '23', '19', '13'], 'box': [('0.5364583333333333', '0.51015625', '0.6077777777777778', '0.5374002659574468'), ('0.7864583333333334', '0.572599531615925', '0.29333333333333333', '0.59175'), ('0.6493055555555555', '0.6890625000000001', '0.4044444444444444', '0.2576462765957447'), ('0.415625', '0.8173302107728337', '0.5837037037037037', '0.4174999999999999')]}, {'label': ['26', 'None', '19', '13'], 'box': [('0.30937499999999996', '0', '0.3605555555555556', '0.32330452127659576'), ('0.38567708333333334', '0', '0.7792592592592593', '0.40974999999999995'), ('0.617361111111111', '0', '0.22333333333333333', '0.2117686170212766'), ('0.26927083333333335', '0', '0.38518518518518524', '0.5155')]}, {'label': ['None', 'None', 'None', '13'], 'box': [('0', '0', '0', '0.2455119680851064'), ('0', '0', '0', '0.49024999999999996'), ('0', '0', '0', '0.25964095744680854'), ('0', '0', '0', '0.3205')]}, {'label': ['None', 'None', 'None', '13'], 'box': [('0', '0', '0', '0.671875'), ('0', '0', '0', '0.39975'), ('0', '0', '0', '0.1363031914893617'), ('0', '0', '0', '0.2985')]}, {'label': ['None', 'None', 'None', 'None'], 'box': [('0', '0', '0', '0'), ('0', '0', '0', '0'), ('0', '0', '0', '0'), ('0', '0', '0', '0')]}, {'label': ['None', 'None', 'None', 'None'], 'box': [('0', '0', '0', '0'), ('0', '0', '0', '0'), ('0', '0', '0', '0'), ('0', '0', '0', '0')]}, {'label': ['None', 'None', 'None', 'None'], 'box': [('0', '0', '0', '0'), ('0', '0', '0', '0'), ('0', '0', '0', '0'), ('0', '0', '0', '0')]}]\n",
      "[('Potato', 'Potato', 'Tomato', 'Tomato')] [{'label': ['13', '12', '20', '21'], 'box': [('0.5692669804976463', '0.5', '0.49', '0.74267578125'), ('0.4403437815975733', '0.46799999999999997', '0.48058252427184467', '0.6569010416666666'), ('0.2481506388702085', '0.9959999999999999', '0.9066666666666667', '0.1279296875'), ('0.3690596562184024', '0.8119999999999999', '0.7475728155339806', '0.21484375')]}, {'label': ['None', 'None', 'None', '21'], 'box': [('0', '0', '0', '0.55078125'), ('0', '0', '0', '0.7923177083333333'), ('0', '0', '0', '0.111328125'), ('0', '0', '0', '0.16015625')]}, {'label': ['None', 'None', 'None', '21'], 'box': [('0', '0', '0', '0.59228515625'), ('0', '0', '0', '0.5748697916666666'), ('0', '0', '0', '0.1650390625'), ('0', '0', '0', '0.14713541666666666')]}, {'label': ['None', 'None', 'None', '21'], 'box': [('0', '0', '0', '0.380859375'), ('0', '0', '0', '0.7532552083333333'), ('0', '0', '0', '0.12109375'), ('0', '0', '0', '0.16015625')]}, {'label': ['None', 'None', 'None', '21'], 'box': [('0', '0', '0', '0.1005859375'), ('0', '0', '0', '0.4173177083333333'), ('0', '0', '0', '0.12109375'), ('0', '0', '0', '0.16276041666666666')]}, {'label': ['None', 'None', 'None', '21'], 'box': [('0', '0', '0', '0.7197265625'), ('0', '0', '0', '0.12239583333333333'), ('0', '0', '0', '0.099609375'), ('0', '0', '0', '0.125')]}, {'label': ['None', 'None', 'None', '21'], 'box': [('0', '0', '0', '0.6201171875'), ('0', '0', '0', '0.07486979166666666'), ('0', '0', '0', '0.091796875'), ('0', '0', '0', '0.14713541666666666')]}, {'label': ['None', 'None', 'None', '21'], 'box': [('0', '0', '0', '0.3955078125'), ('0', '0', '0', '0.5397135416666666'), ('0', '0', '0', '0.119140625'), ('0', '0', '0', '0.19140625')]}]\n",
      "[('Tomato', 'Potato', 'Tomato', 'Tomato')] [{'label': ['25', '12', '21', '21'], 'box': [('0.07407407407407407', '0.349375', '0.2876666666666666', '0.40249999999999997'), ('0.4402035623409669', '0.432', '0.6906666666666665', '0.20500000000000002'), ('0.11992945326278659', '0.48625', '0.294', '0.08125000000000002'), ('0.183206106870229', '0.7', '0.4622222222222222', '0.275')]}, {'label': ['25', '12', '21', '21'], 'box': [('0.6049382716049382', '0.6431250000000001', '0.3266666666666666', '0.33968750000000003'), ('0.6399491094147582', '0.621', '0.32399999999999995', '0.35250000000000004'), ('0.11640211640211638', '0.36374999999999996', '0.3373333333333334', '0.11812500000000001'), ('0.1908396946564885', '0.63', '0.18933333333333333', '0.08333333333333334')]}, {'label': ['25', 'None', 'None', '21'], 'box': [('0.9250440917107583', '0', '0', '0.46562500000000007'), ('0.6577608142493638', '0', '0', '0.3075'), ('0.1146384479717813', '0', '0', '0.14375000000000002'), ('0.1653944020356234', '0', '0', '0.11166666666666666')]}, {'label': ['25', 'None', 'None', '21'], 'box': [('0.8412698412698413', '0', '0', '0.436875'), ('0.6081424936386768', '0', '0', '0.58125'), ('0.06701940035273368', '0', '0', '0.07'), ('0.12213740458015267', '0', '0', '0.21083333333333332')]}, {'label': ['25', 'None', 'None', '21'], 'box': [('0.35890652557319225', '0', '0', '0.54875'), ('0.30788804071246817', '0', '0', '0.6829166666666667'), ('0.09700176366843033', '0', '0', '0.12875'), ('0.10178117048346055', '0', '0', '0.2625')]}, {'label': ['25', 'None', 'None', '21'], 'box': [('0.07583774250440917', '0', '0', '0.666875'), ('0.6170483460559796', '0', '0', '0.7016666666666667'), ('0.08112874779541447', '0', '0', '0.08625000000000001'), ('0.15521628498727733', '0', '0', '0.25')]}, {'label': ['25', 'None', 'None', '21'], 'box': [('0.1384479717813051', '0', '0', '0.7718750000000001'), ('0.8295165394402034', '0', '0', '0.52625'), ('0.09347442680776014', '0', '0', '0.15000000000000002'), ('0.13231552162849872', '0', '0', '0.1475')]}, {'label': ['25', 'None', 'None', '21'], 'box': [('0.19929453262786595', '0', '0', '0.8065625000000001'), ('0.6526717557251908', '0', '0', '0.6829166666666667'), ('0.06701940035273368', '0', '0', '0.15812500000000002'), ('0.15521628498727733', '0', '0', '0.19416666666666668')]}]\n",
      "[('Tomato', 'Tomato', 'Tomato', 'Potato')] [{'label': ['21', '23', '20', '13'], 'box': [('0.4657772621809745', '0.33458333333333334', '0.45262390670553937', '0.4026041666666667'), ('0.19846153846153847', '0.6637500000000001', '0.51708984375', '0.5701388888888889'), ('0.2819025522041763', '0.6325000000000001', '0.8673469387755103', '0.20937500000000003'), ('0.3261538461538462', '0.6675', '0.8271484375', '0.3486111111111111')]}, {'label': ['21', 'None', 'None', '13'], 'box': [('0.5916473317865429', '0', '0', '0.5067708333333333'), ('0.41423076923076924', '0', '0', '0.32083333333333325'), ('0.3851508120649652', '0', '0', '0.28020833333333334'), ('0.12230769230769231', '0', '0', '0.26944444444444443')]}, {'label': ['21', 'None', 'None', '13'], 'box': [('0.6693735498839908', '0', '0', '0.2713541666666667'), ('0.546923076923077', '0', '0', '0.37638888888888883'), ('0.382830626450116', '0', '0', '0.21145833333333333'), ('0.14615384615384616', '0', '0', '0.3194444444444444')]}, {'label': ['21', 'None', 'None', 'None'], 'box': [('0.6664733178654292', '0', '0', '0'), ('0.7046153846153846', '0', '0', '0'), ('0.41183294663573083', '0', '0', '0'), ('0.13076923076923078', '0', '0', '0')]}, {'label': ['21', 'None', 'None', 'None'], 'box': [('0.22273781902552203', '0', '0', '0'), ('0.6696153846153846', '0', '0', '0'), ('0.3573085846867749', '0', '0', '0'), ('0.13615384615384615', '0', '0', '0')]}, {'label': ['21', 'None', 'None', 'None'], 'box': [('0.21113689095127608', '0', '0', '0'), ('0.5311538461538462', '0', '0', '0'), ('0.3944315545243619', '0', '0', '0'), ('0.1176923076923077', '0', '0', '0')]}, {'label': ['21', 'None', 'None', 'None'], 'box': [('0.21403712296983757', '0', '0', '0'), ('0.4034615384615385', '0', '0', '0'), ('0.3004640371229698', '0', '0', '0'), ('0.12076923076923077', '0', '0', '0')]}, {'label': ['None', 'None', 'None', 'None'], 'box': [('0', '0', '0', '0'), ('0', '0', '0', '0'), ('0', '0', '0', '0'), ('0', '0', '0', '0')]}]\n",
      "[('Tomato', 'Tomato', 'Tomato', 'Tomato')] [{'label': ['21', '26', '22', '20'], 'box': [('0.1757142857142857', '0.5141093474426808', '0.54345703125', '0.46240234375'), ('0.4602150537634409', '0.48982188295165385', '0.6197916666666666', '0.4896870554765292'), ('0.25428571428571434', '0.9506172839506172', '0.1982421875', '0.841796875'), ('0.41720430107526885', '0.9236641221374046', '0.4114583333333333', '0.864153627311522')]}, {'label': ['21', 'None', '22', 'None'], 'box': [('0.38857142857142857', '0', '0.81591796875', '0'), ('0.4827956989247312', '0', '0.25976562499999994', '0'), ('0.21714285714285714', '0', '0.1318359375', '0'), ('0.40215053763440867', '0', '0.20182291666666666', '0')]}, {'label': ['21', 'None', '22', 'None'], 'box': [('0.19214285714285714', '0', '0.8681640625', '0'), ('0.17419354838709677', '0', '0.5240885416666666', '0'), ('0.24714285714285716', '0', '0.177734375', '0'), ('0.26666666666666666', '0', '0.23307291666666666', '0')]}, {'label': ['21', 'None', '22', 'None'], 'box': [('0.5385714285714286', '0', '0.75', '0'), ('0.3688172043010753', '0', '0.6158854166666666', '0'), ('0.24857142857142855', '0', '0.171875', '0'), ('0.2860215053763441', '0', '0.28906249999999994', '0')]}, {'label': ['21', 'None', '22', 'None'], 'box': [('0.6278571428571429', '0', '0.67724609375', '0'), ('0.7387096774193549', '0', '0.494140625', '0'), ('0.21', '0', '0.0810546875', '0'), ('0.3978494623655914', '0', '0.12890624999999997', '0')]}, {'label': ['21', 'None', '22', 'None'], 'box': [('0.8614285714285714', '0', '0.693359375', '0'), ('0.7225806451612904', '0', '0.3157552083333333', '0'), ('0.2342857142857143', '0', '0.08984375', '0'), ('0.5505376344086022', '0', '0.17317708333333331', '0')]}, {'label': ['21', 'None', '22', 'None'], 'box': [('0.8885714285714286', '0', '0.53857421875', '0'), ('0.25268817204301075', '0', '0.19075520833333331', '0'), ('0.18857142857142858', '0', '0.2724609375', '0'), ('0.24301075268817204', '0', '0.34244791666666663', '0')]}, {'label': ['21', 'None', '22', 'None'], 'box': [('0.5878571428571429', '0', '0.48681640625', '0'), ('0.2763440860215054', '0', '0.4817708333333333', '0'), ('0.19857142857142857', '0', '0.1103515625', '0'), ('0.1827956989247312', '0', '0.19270833333333331', '0')]}]\n",
      "[('Tomato', 'Potato', 'Tomato', 'Tomato')] [{'label': ['22', '12', '23', '23'], 'box': [('0.6791666666666667', '0.5066666666666667', '0.5', '0.456'), ('0.2730496453900709', '0.5', '0.4972972972972973', '0.8013333333333333'), ('0.4783333333333334', '0.98', '0.9766666666666667', '0.268'), ('0.4231678486997636', '0.9898477157360406', '0.9708108108108108', '0.392')]}, {'label': ['22', 'None', 'None', '23'], 'box': [('0.4033333333333333', '0', '0', '0.8499999999999999'), ('0.40425531914893614', '0', '0', '0.6226666666666667'), ('0.75', '0', '0', '0.216'), ('0.5059101654846335', '0', '0', '0.456')]}, {'label': ['None', 'None', 'None', '23'], 'box': [('0', '0', '0', '0.45799999999999996'), ('0', '0', '0', '0.47200000000000003'), ('0', '0', '0', '0.272'), ('0', '0', '0', '0.6613333333333333')]}, {'label': ['None', 'None', 'None', 'None'], 'box': [('0', '0', '0', '0'), ('0', '0', '0', '0'), ('0', '0', '0', '0'), ('0', '0', '0', '0')]}, {'label': ['None', 'None', 'None', 'None'], 'box': [('0', '0', '0', '0'), ('0', '0', '0', '0'), ('0', '0', '0', '0'), ('0', '0', '0', '0')]}, {'label': ['None', 'None', 'None', 'None'], 'box': [('0', '0', '0', '0'), ('0', '0', '0', '0'), ('0', '0', '0', '0'), ('0', '0', '0', '0')]}, {'label': ['None', 'None', 'None', 'None'], 'box': [('0', '0', '0', '0'), ('0', '0', '0', '0'), ('0', '0', '0', '0'), ('0', '0', '0', '0')]}, {'label': ['None', 'None', 'None', 'None'], 'box': [('0', '0', '0', '0'), ('0', '0', '0', '0'), ('0', '0', '0', '0'), ('0', '0', '0', '0')]}]\n",
      "[('Potato', 'Tomato', 'Potato', 'Tomato')] [{'label': ['13', '21', '13', '24'], 'box': [('0.3460648148148148', '0.39950980392156865', '0.41294117647058826', '0.6390243902439023'), ('0.6287769784172662', '0.4901574803149606', '0.5379858657243817', '0.22453703703703703'), ('0.18904320987654322', '0.45915032679738566', '0.7929411764705883', '0.16585365853658537'), ('0.28776978417266186', '0.3661417322834645', '0.9204946996466431', '0.09722222222222222')]}, {'label': ['13', '21', 'None', '24'], 'box': [('0.6466049382716049', '0.6429738562091504', '0', '0.2731707317073171'), ('0.4787769784172662', '0.27165354330708663', '0', '0.2106481481481481'), ('0.24845679012345678', '0.22385620915032683', '0', '0.16585365853658537'), ('0.258273381294964', '0.405511811023622', '0', '0.20833333333333331')]}, {'label': ['13', '21', 'None', '24'], 'box': [('0.318287037037037', '0.8063725490196079', '0', '0.7243902439024391'), ('0.3870503597122302', '0.5255905511811023', '0', '0.08796296296296295'), ('0.27237654320987653', '0.2303921568627451', '0', '0.23902439024390246'), ('0.1539568345323741', '0.2559055118110236', '0', '0.1574074074074074')]}, {'label': ['13', '21', 'None', '24'], 'box': [('0.4409722222222222', '0.5882352941176471', '0', '0.8975609756097561'), ('0.2607913669064748', '0.7421259842519685', '0', '0.24074074074074073'), ('0.2152777777777778', '0.2679738562091503', '0', '0.16585365853658537'), ('0.1805755395683453', '0.39370078740157477', '0', '0.19444444444444445')]}, {'label': ['None', '21', 'None', '24'], 'box': [('0', '0.3464052287581699', '0', '0.7609756097560976'), ('0', '0.24015748031496062', '0', '0.38425925925925924'), ('0', '0.43790849673202614', '0', '0.20487804878048782'), ('0', '0.33070866141732286', '0', '0.2037037037037037')]}, {'label': ['None', 'None', 'None', '24'], 'box': [('0', '0', '0', '0.7097560975609756'), ('0', '0', '0', '0.7546296296296297'), ('0', '0', '0', '0.20975609756097563'), ('0', '0', '0', '0.27777777777777773')]}, {'label': ['None', 'None', 'None', '24'], 'box': [('0', '0', '0', '0.5317073170731708'), ('0', '0', '0', '0.6342592592592593'), ('0', '0', '0', '0.23414634146341465'), ('0', '0', '0', '0.24074074074074073')]}, {'label': ['None', 'None', 'None', 'None'], 'box': [('0', '0', '0', '0'), ('0', '0', '0', '0'), ('0', '0', '0', '0'), ('0', '0', '0', '0')]}]\n",
      "[('Tomato', 'Potato', 'Potato', 'Tomato')] [{'label': ['21', '12', '12', '20'], 'box': [('0.588623046875', '0.45937961595273263', '0.5', '0.7391666666666666'), ('0.7249348958333333', '0.44285714285714284', '0.5', '0.4411764705882352'), ('0.38037109375', '0.620384047267356', '0.9959183673469387', '0.31833333333333336'), ('0.21549479166666666', '0.8828571428571428', '0.9938461538461538', '0.8161764705882353')]}, {'label': ['24', 'None', 'None', '20'], 'box': [('0.236572265625', '0', '0', '0.40249999999999997'), ('0.4619140625', '0', '0', '0.45955882352941174'), ('0.30615234375', '0', '0', '0.24166666666666667'), ('0.3235677083333333', '0', '0', '0.8602941176470588')]}, {'label': ['24', 'None', 'None', 'None'], 'box': [('0.5498046875', '0', '0', '0'), ('0.4609375', '0', '0', '0'), ('0.279296875', '0', '0', '0'), ('0.29947916666666663', '0', '0', '0')]}, {'label': ['None', 'None', 'None', 'None'], 'box': [('0', '0', '0', '0'), ('0', '0', '0', '0'), ('0', '0', '0', '0'), ('0', '0', '0', '0')]}, {'label': ['None', 'None', 'None', 'None'], 'box': [('0', '0', '0', '0'), ('0', '0', '0', '0'), ('0', '0', '0', '0'), ('0', '0', '0', '0')]}, {'label': ['None', 'None', 'None', 'None'], 'box': [('0', '0', '0', '0'), ('0', '0', '0', '0'), ('0', '0', '0', '0'), ('0', '0', '0', '0')]}, {'label': ['None', 'None', 'None', 'None'], 'box': [('0', '0', '0', '0'), ('0', '0', '0', '0'), ('0', '0', '0', '0'), ('0', '0', '0', '0')]}, {'label': ['None', 'None', 'None', 'None'], 'box': [('0', '0', '0', '0'), ('0', '0', '0', '0'), ('0', '0', '0', '0'), ('0', '0', '0', '0')]}]\n",
      "[('Tomato', 'Potato', 'Tomato', 'Tomato')] [{'label': ['23', '13', '20', '20'], 'box': [('0.8833333333333333', '0.5003749999999999', '0.7620192307692307', '0.25573018991486574'), ('0.8172839506172841', '0.5055', '0.7083333333333333', '0.774803536345776'), ('0.22962962962962966', '0.84675', '0.46634615384615385', '0.2933857236411264'), ('0.36049382716049383', '0.639', '0.34649122807017546', '0.43664047151277013')]}, {'label': ['23', 'None', '20', '20'], 'box': [('0.49074074074074076', '0', '0.24278846153846154', '0.5448592010478062'), ('0.26049382716049385', '0', '0.7105263157894737', '0.4577603143418468'), ('0.35185185185185186', '0', '0.4375', '0.2645710543549443'), ('0.5061728395061729', '0', '0.40350877192982454', '0.5697445972495088')]}, {'label': ['23', 'None', '20', 'None'], 'box': [('0.575925925925926', '0', '0.49038461538461536', '0'), ('0.5308641975308642', '0', '0.3179824561403508', '0'), ('0.4592592592592593', '0', '0.40384615384615385', '0'), ('0.597530864197531', '0', '0.5921052631578947', '0')]}, {'label': ['None', 'None', 'None', 'None'], 'box': [('0', '0', '0', '0'), ('0', '0', '0', '0'), ('0', '0', '0', '0'), ('0', '0', '0', '0')]}, {'label': ['None', 'None', 'None', 'None'], 'box': [('0', '0', '0', '0'), ('0', '0', '0', '0'), ('0', '0', '0', '0'), ('0', '0', '0', '0')]}, {'label': ['None', 'None', 'None', 'None'], 'box': [('0', '0', '0', '0'), ('0', '0', '0', '0'), ('0', '0', '0', '0'), ('0', '0', '0', '0')]}, {'label': ['None', 'None', 'None', 'None'], 'box': [('0', '0', '0', '0'), ('0', '0', '0', '0'), ('0', '0', '0', '0'), ('0', '0', '0', '0')]}, {'label': ['None', 'None', 'None', 'None'], 'box': [('0', '0', '0', '0'), ('0', '0', '0', '0'), ('0', '0', '0', '0'), ('0', '0', '0', '0')]}]\n",
      "[('Tomato', 'Tomato', 'Potato', 'Tomato')] [{'label': ['25', '26', '12', '20'], 'box': [('0.775377969762419', '0.13541666666666669', '0.4548611111111111', '0.12666666666666668'), ('0.872299567930869', '0.4159722222222222', '0.3950777202072539', '0.375'), ('0.17537796976241898', '0.13333333333333333', '0.3229166666666667', '0.2466666666666667'), ('0.18434949591934713', '0.22638888888888886', '0.6450777202072538', '0.515')]}, {'label': ['25', '26', '12', '20'], 'box': [('0.6688984881209503', '0.18177083333333335', '0.5026041666666667', '0.30500000000000005'), ('0.3295727316370619', '0.46388888888888885', '0.8303108808290156', '0.62125'), ('0.061771058315334776', '0.07187500000000001', '0.2934027777777778', '0.39'), ('0.08017282765242438', '0.20833333333333331', '0.28756476683937826', '0.6925')]}, {'label': ['25', '26', '12', '20'], 'box': [('0.6354211663066955', '0.6395833333333333', '0.3333333333333333', '0.75'), ('0.36821891502640425', '0.3444444444444444', '0.7370466321243524', '0.41125'), ('0.0898488120950324', '0.08125000000000002', '0.13541666666666669', '0.4933333333333334'), ('0.07969275084013441', '0.24166666666666664', '0.4119170984455959', '0.38750000000000007')]}, {'label': ['25', '26', '12', 'None'], 'box': [('0.6265658747300217', '0.7921875', '0.9253472222222222', '0'), ('0.16514642342774843', '0.49513888888888885', '0.3963730569948187', '0'), ('0.3071274298056155', '0.15520833333333334', '0.14583333333333331', '0'), ('0.1497839654344695', '0.16527777777777775', '0.32642487046632124', '0')]}, {'label': ['25', '26', '12', 'None'], 'box': [('0.2170626349892009', '0.8270833333333333', '0.8342013888888888', '0'), ('0.18650984157465195', '0.6201388888888888', '0.5582901554404145', '0'), ('0.42807775377969765', '0.11041666666666668', '0.10243055555555555', '0'), ('0.2088334133461354', '0.13472222222222222', '0.22538860103626945', '0')]}, {'label': ['25', '26', '12', 'None'], 'box': [('0.12721382289416847', '0.7473958333333334', '0.703125', '0'), ('0.6466634661545848', '0.6229166666666667', '0.32512953367875647', '0'), ('0.25356371490280777', '0.11145833333333334', '0.19444444444444445', '0'), ('0.6308209313490158', '0.11249999999999999', '0.25129533678756477', '0')]}, {'label': ['25', '26', '12', 'None'], 'box': [('0.27473002159827214', '0.6875', '0.8125', '0'), ('0.5091214594335094', '0.5493055555555555', '0.10621761658031088', '0'), ('0.19784017278617713', '0.06875', '0.2222222222222222', '0'), ('0.2328372539606337', '0.12916666666666665', '0.2072538860103627', '0')]}, {'label': ['25', '26', '12', 'None'], 'box': [('0.5071274298056155', '0.28229166666666666', '0.9418402777777778', '0'), ('0.4385501680268843', '0.3659722222222222', '0.7733160621761659', '0'), ('0.12008639308855293', '0.07291666666666667', '0.11284722222222222', '0'), ('0.12433989438310131', '0.04583333333333333', '0.43782383419689125', '0')]}]\n",
      "[('Tomato', 'Tomato', 'Potato', 'Tomato')] [{'label': ['19', '23', '12', '20'], 'box': [('0.6622911694510739', '0.6556748466257668', '0.4838274932614555', '0.5354166666666667'), ('0.48767605633802813', '0.770919881305638', '0.5021186440677966', '0.2936507936507936'), ('0.09307875894988066', '0.3857361963190184', '0.49595687331536387', '0.9275000000000001'), ('0.36971830985915494', '0.45459940652818986', '0.9915254237288136', '0.5714285714285714')]}, {'label': ['19', '23', '12', '20'], 'box': [('0.4677804295942721', '0.8257285276073619', '0.8517520215633424', '0.5170833333333333'), ('0.48591549295774644', '0.5602373887240356', '0.3093220338983051', '0.6365079365079365'), ('0.12887828162291168', '0.3408742331288343', '0.29380053908355797', '0.9641666666666667'), ('0.2535211267605634', '0.4148367952522255', '0.5932203389830508', '0.7238095238095238')]}, {'label': ['19', '23', '12', 'None'], 'box': [('0.18496420047732695', '0.28029141104294475', '0.1570080862533693', '0'), ('0.7517605633802817', '0.40712166172106823', '0.2298728813559322', '0'), ('0.12649164677804295', '0.5598159509202454', '0.192722371967655', '0'), ('0.38380281690140844', '0.32997032640949553', '0.4470338983050847', '0')]}, {'label': ['19', 'None', '12', 'None'], 'box': [('0.3007159904534606', '0', '0.9433962264150944', '0'), ('0.6795774647887325', '0', '0.5688559322033898', '0'), ('0.12887828162291168', '0', '0.11051212938005392', '0'), ('0.30985915492957744', '0', '0.4300847457627119', '0')]}, {'label': ['19', 'None', 'None', 'None'], 'box': [('0.21360381861575178', '0', '0', '0'), ('0.20598591549295778', '0', '0', '0'), ('0.2840095465393795', '0', '0', '0'), ('0.25704225352112675', '0', '0', '0')]}, {'label': ['None', 'None', 'None', 'None'], 'box': [('0', '0', '0', '0'), ('0', '0', '0', '0'), ('0', '0', '0', '0'), ('0', '0', '0', '0')]}, {'label': ['None', 'None', 'None', 'None'], 'box': [('0', '0', '0', '0'), ('0', '0', '0', '0'), ('0', '0', '0', '0'), ('0', '0', '0', '0')]}, {'label': ['None', 'None', 'None', 'None'], 'box': [('0', '0', '0', '0'), ('0', '0', '0', '0'), ('0', '0', '0', '0'), ('0', '0', '0', '0')]}]\n",
      "[('Tomato', 'Tomato', 'Tomato', 'Potato')] [{'label': ['22', '20', '24', '13'], 'box': [('0.22928994082840237', '0.72', '0.5172910662824207', '0.5537109375'), ('0.7042553191489362', '0.56375', '0.10892857142857143', '0.455078125'), ('0.44082840236686394', '0.3533333333333334', '0.1988472622478386', '0.4921875'), ('0.4808510638297872', '0.17750000000000002', '0.19642857142857145', '0.9075520833333333')]}, {'label': ['22', '20', '24', 'None'], 'box': [('0.4674556213017752', '0.8066666666666666', '0.5172910662824207', '0'), ('0.49361702127659574', '0.3725', '0.8214285714285714', '0'), ('0.7337278106508875', '0.38', '0.08357348703170028', '0'), ('0.8595744680851063', '0.165', '0.20714285714285716', '0')]}, {'label': ['None', '20', '24', 'None'], 'box': [('0', '0.8233333333333334', '0.1095100864553314', '0'), ('0', '0.22375', '0.7803571428571429', '0'), ('0', '0.3466666666666667', '0.20749279538904897', '0'), ('0', '0.16250000000000003', '0.26785714285714285', '0')]}, {'label': ['None', '20', '24', 'None'], 'box': [('0', '0.39166666666666666', '0.14697406340057637', '0'), ('0', '0.12625', '0.5375', '0'), ('0', '0.21666666666666667', '0.14985590778097982', '0'), ('0', '0.2025', '0.2535714285714286', '0')]}, {'label': ['None', '20', '24', 'None'], 'box': [('0', '0.22666666666666668', '0.30403458213256485', '0'), ('0', '0.42375', '0.19464285714285715', '0'), ('0', '0.3866666666666667', '0.17002881844380402', '0'), ('0', '0.2375', '0.2535714285714286', '0')]}, {'label': ['None', '20', '24', 'None'], 'box': [('0', '0.31333333333333335', '0.7867435158501441', '0'), ('0', '0.59', '0.2517857142857143', '0'), ('0', '0.33333333333333337', '0.3285302593659942', '0'), ('0', '0.24000000000000002', '0.2392857142857143', '0')]}, {'label': ['None', '20', '24', 'None'], 'box': [('0', '0.54', '0.7089337175792506', '0'), ('0', '0.7625', '0.15000000000000002', '0'), ('0', '0.2466666666666667', '0.10374639769452448', '0'), ('0', '0.36', '0.09285714285714287', '0')]}, {'label': ['None', '20', '24', 'None'], 'box': [('0', '0.19166666666666668', '0.8703170028818443', '0'), ('0', '0.735', '0.7928571428571428', '0'), ('0', '0.2833333333333333', '0.17291066282420747', '0'), ('0', '0.16', '0.1285714285714286', '0')]}]\n",
